 dr uncl   all    por
//
0.4 0.1 0.8603  0.8692
0.5 0.1 0.8581  0.8612
0.0 0.5 0.8642  0.8701
0.5 0.7 0.8523  0.8633
0.1 0.5 0.8490  0.8615
0.6 0.7 0.8313  0.8426
0.2 0.5 0.8588  0.8662
0.7 0.7 0.8224  0.8291
0.7 0.2 0.7981  0.8071
0.2 0.0 0.8716  0.8753
0.8 0.7 0.7507  0.7578
0.3 0.5 0.854  0.8598
0.9 0.7 0.6515  0.6666
0.0 0.8 0.8394  0.8471
0.1 0.8 0.8627  0.8691
0.0 0.3 0.8592  0.8659
0.5 0.0 0.8534  0.8582
0.2 0.8 0.86  0.8677
0.3 0.8 0.8723  0.8783
0.4 0.8 0.8565  0.8628
0.5 0.8 0.8568  0.8624
0.3 0.3 0.8562  0.8694
0.6 0.8 0.8399  0.846
0.8 0.0 0.7686  0.7813
0.7 0.8 0.8354  0.8397
0.4 0.3 0.8671  0.8788
0.9 0.0 0.6844  0.6868
0.8 0.8 0.8073  0.8142
0.9 0.8 0.6634  0.6759
0.5 0.3 0.8573  0.8625
0.0 0.1 0.8568  0.8595
0.0 0.9 0.8605  0.8671
0.6 0.3 0.8439  0.8472
0.1 0.1 0.859  0.8676
0.1 0.9 0.8636  0.8693
0.2 0.9 0.8547  0.8644
0.7 0.3 0.8248  0.829
0.2 0.1 0.8413  0.8524
0.3 0.9 0.8503  0.8622
0.8 0.3 0.7934  0.7954
0.4 0.9 0.8481  0.8626
0.3 0.1 0.8604  0.8677
0.5 0.9 0.8426  0.8553
0.9 0.3 0.6366  0.6421
0.4 0.1 0.8545  0.8647
0.6 0.9 0.8241  0.8345
0.7 0.9 0.8356  0.8407
0.8 0.9 0.7768  0.7892
0.9 0.9 0.6629  0.665
0.6 0.1 0.8394  0.8444
0.2 0.4 0.8691  0.8746
0.7 0.1 0.8256  0.8323
0.3 0.4 0.8655  0.8688
0.8 0.1 0.809  0.8105
0.4 0.4 0.8494  0.8574
0.9 0.1 0.6466  0.6551
0.5 0.4 0.836  0.8445
0.0 0.2 0.8643  0.8675
0.4 0.5 0.8696  0.8723
0.5 0.5 0.8608  0.8621
0.6 0.5 0.8369  0.8451
0.7 0.5 0.8251  0.8306
0.8 0.5 0.7958  0.8054
0.9 0.5 0.6737  0.6849
0.0 0.6 0.8667  0.8752
0.1 0.6 0.8682  0.8734
0.2 0.6 0.8606  0.8713
0.3 0.6 0.8773  0.8822
0.4 0.6 0.845  0.8542
0.5 0.6 0.8639  0.869
0.6 0.6 0.8175  0.8316
0.4 0.1 0.8563  0.8693
0.0 0.0 0.8574  0.8641
0.1 0.3 0.8703  0.8714
0.2 0.3 0.8683  0.8736
0.0 0.4 0.8634  0.8698
0.1 0.4 0.8567  0.8638
0.2 0.4 0.8605  0.8677
0.3 0.4 0.8718  0.8791
0.4 0.4 0.8482  0.8581
0.5 0.4 0.8588  0.8634
0.6 0.4 0.8506  0.8563
0.7 0.4 0.8287  0.8325
0.8 0.4 0.7969  0.7977
0.9 0.4 0.6628  0.6805
0.1 0.0 0.8526  0.8653
0.3 0.0 0.8424  0.8536
0.4 0.0 0.8518  0.8617
0.6 0.0 0.8322  0.8371
0.7 0.0 0.8211  0.8316
0.0 0.2 0.8593  0.8679
0.2 0.7 0.8683  0.8767
0.1 0.2 0.8605  0.8672
0.3 0.7 0.86  0.8615
0.2 0.2 0.8482  0.8589
0.4 0.7 0.8618  0.8671
0.3 0.2 0.8628  0.8743
0.4 0.2 0.8614  0.8678
0.5 0.2 0.8463  0.8566
0.6 0.2 0.8387  0.8436
0.7 0.2 0.8283  0.8368
0.8 0.2 0.7799  0.7866
0.9 0.2 0.6432  0.6524
0.7 0.6 0.8196  0.8242
0.8 0.6 0.819  0.8194
0.9 0.6 0.6415  0.6474
0.0 0.7 0.8663  0.8747
0.1 0.7 0.8756  0.8805
