0.0 0.1 0.8563  0.8634
0.1 0.1 0.8647  0.8713
0.2 0.1 0.8609  0.8679
0.3 0.1 0.8492  0.8544
0.4 0.1 0.8387  0.8462
0.5 0.1 0.8216  0.8323
0.6 0.1 0.7967  0.8026
0.7 0.1 0.7907  0.7943
0.8 0.1 0.7912  0.798
0.9 0.1 0.6417  0.6455
0.0 0.0 0.869  0.8737
0.1 0.0 0.8671  0.8717
0.2 0.0 0.8707  0.8739
0.3 0.0 0.8504  0.8589
0.4 0.0 0.8536  0.8586
0.5 0.0 0.8328  0.84
0.6 0.0 0.7915  0.7982
0.7 0.0 0.7744  0.7822
0.8 0.0 0.7957  0.8014
0.9 0.0 0.6422  0.6505
0.0 0.2 0.8638  0.8683
0.1 0.2 0.8552  0.8713
0.2 0.2 0.8627  0.8709
0.3 0.2 0.8546  0.86
0.4 0.2 0.8396  0.8429
