0.0 0.4 0.8515  0.8622
0.1 0.4 0.8471  0.8563
0.2 0.4 0.8473  0.8552
0.3 0.4 0.8379  0.8483
0.4 0.4 0.8359  0.8524
0.5 0.4 0.8232  0.837
0.6 0.4 0.819  0.8207
0.7 0.4 0.8026  0.8014
0.8 0.4 0.7917  0.7979
0.9 0.4 0.6584  0.6658
0.0 0.3 0.8592  0.8658
0.1 0.3 0.8454  0.8601
0.2 0.3 0.8477  0.8607
0.3 0.3 0.848  0.8582
0.4 0.3 0.851  0.8567
0.5 0.3 0.8449  0.8453
0.6 0.3 0.79  0.7976
0.7 0.3 0.8114  0.8144
0.8 0.3 0.792  0.7951
0.9 0.3 0.6322  0.6429
0.5 0.2 0.8307  0.8407
0.6 0.2 0.7997  0.8066
0.7 0.2 0.8068  0.8101
0.8 0.2 0.8205  0.824
0.9 0.2 0.6289  0.6367
