0.0 0.5 0.8604  0.8603
0.1 0.5 0.8601  0.8657
0.2 0.5 0.865  0.8656
0.3 0.5 0.8566  0.8659
0.4 0.5 0.8564  0.8584
0.5 0.5 0.8286  0.8394
0.6 0.5 0.8063  0.8151
0.7 0.5 0.8056  0.8102
0.8 0.5 0.8106  0.816
0.9 0.5 0.6705  0.673
0.0 0.6 0.8619  0.8645
0.1 0.6 0.8521  0.8624
0.2 0.6 0.8665  0.8702
0.3 0.6 0.864  0.8671
0.4 0.6 0.8556  0.8587
0.5 0.6 0.8254  0.8352
0.6 0.6 0.8074  0.8132
0.7 0.6 0.8072  0.8101
0.8 0.6 0.805  0.8122
0.9 0.6 0.6256  0.6345
0.0 0.7 0.8588  0.8625
0.1 0.7 0.852  0.8602
0.2 0.7 0.8485  0.8606
0.3 0.7 0.8534  0.8603
0.4 0.7 0.8306  0.8387
