0.5 0.7 0.8293  0.8327
0.6 0.7 0.8046  0.8063
0.7 0.7 0.8004  0.8073
0.8 0.7 0.7669  0.7728
0.9 0.7 0.6522  0.6553
0.0 0.8 0.8535  0.8606
0.1 0.8 0.8667  0.8747
0.2 0.8 0.8563  0.8626
0.3 0.8 0.854  0.862
0.4 0.8 0.8516  0.8537
0.5 0.8 0.8268  0.8313
0.6 0.8 0.8073  0.8102
0.7 0.8 0.79  0.7953
0.8 0.8 0.817  0.8169
0.9 0.8 0.6535  0.6576
0.0 0.9 0.8634  0.875
0.1 0.9 0.8565  0.8665
0.2 0.9 0.8515  0.8577
0.3 0.9 0.8654  0.8647
0.4 0.9 0.8351  0.8443
0.5 0.9 0.8225  0.8297
0.6 0.9 0.8008  0.8113
0.7 0.9 0.796  0.8011
0.8 0.9 0.7936  0.7988
0.9 0.9 0.6368  0.6409
